# -------------------- WALLS --------------------
BOX 0 -10 1.0 10 0.1 2.0 0.90 0.85 0.75 0.8
BOX 0 10 1.0 10 0.1 2.0 0.90 0.85 0.75 0.8
BOX -10 0 1.0 0.1 10 2.0 0.90 0.85 0.75 0.8
BOX 10 0 1.0 0.1 10 2.0 0.90 0.85 0.75 0.8
# -------------------- GOAL PEDESTAL + GOAL --------------------
BOX 0 8.0 0.25 0.30 0.30 0.50 0.65 0.50 0.35
BOX 0 8.0 0.875 0.15 0.15 0.35 1.0 0.84 0.0
# -------------------- DOOR PANELS --------------------
BOX -1.2 -9.9 1.0 1.15 0.05 1.6 0.65 0.50 0.35
BOX  1.2 -9.9 1.0 1.15 0.05 1.6 0.65 0.50 0.35
# -------------------- WINDOW --------------------
BOX -9.9 -8.5 1.5 0.05 0.8 0.8 0.88 0.90 0.95


# ==================== DENSE LASER GRID (VARIED Z) ====================
# ---------- X-direction lasers ----------
BOX 0 -8  0.55 10.0 0.025 0.025 1.0 0.0 0.0
BOX 0 -6  1.75 10.0 0.025 0.025 1.0 0.0 0.0
BOX 0 -4  0.90 10.0 0.025 0.025 1.0 0.0 0.0
BOX 0 -2  1.40 10.0 0.025 0.025 1.0 0.0 0.0
BOX 0  0  0.55 10.0 0.025 0.025 1.0 0.0 0.0
BOX 0  2  1.60 10.0 0.025 0.025 1.0 0.0 0.0
BOX 0  4  0.75 10.0 0.025 0.025 1.0 0.0 0.0
BOX 0  6  1.85 10.0 0.025 0.025 1.0 0.0 0.0

# ---------- Y-direction lasers ----------
BOX -8  0  1.25 0.025 10.0 0.025 1.0 0.0 0.0
BOX -6  0  0.50 0.025 10.0 0.025 1.0 0.0 0.0
BOX -4  0  1.70 0.025 10.0 0.025 1.0 0.0 0.0
BOX -2  0  0.95 0.025 10.0 0.025 1.0 0.0 0.0
BOX  2  0  1.50 0.025 10.0 0.025 1.0 0.0 0.0
BOX  4  0  0.50 0.025 10.0 0.025 1.0 0.0 0.0
BOX  6  0  1.80 0.025 10.0 0.025 1.0 0.0 0.0
BOX  8  0  0.65 0.025 10.0 0.025 1.0 0.0 0.0




