# ==========================================================
# FIXED DENSE DIAGONAL CYLINDER LASERS (ROOM-FILLING)
# Cylinders are aligned along local Z
# ==========================================================

# -------------------- WALLS --------------------
BOX 0 -10 1.1 10 0.1 2.2 0.9 0.85 0.75 0.8
BOX 0  10 1.1 10 0.1 2.2 0.9 0.85 0.75
BOX -10 0 1.1 0.1 10 2.2 0.9 0.85 0.75
BOX  10 0 1.1 0.1 10 2.2 0.9 0.85 0.75

# -------------------- GOAL PEDESTAL + GOAL --------------------
BOX   0    8.0   0.25    0.30 0.30 0.50   0.65 0.50 0.35

# Gold goal cube
BOX   0    8.0   0.875   0.15 0.15 0.35   0  1 0.0


# -------------------- DOOR PANELS --------------------
BOX  -1.2   -9.9   1.0    1.15 0.05 1.6    0.65 0.50 0.35
BOX   1.2   -9.9   1.0    1.15 0.05 1.6    0.65 0.50 0.35

# -------------------- WINDOW --------------------
BOX  -9.9   -8.5   1.5    0.05 0.8 0.8    0.88 0.90 0.95

# ---- CYL OUTPUT (PyBullet correct) ----
CYL -8.120 2.419 1.061 0.030 15.405 1 0 0 1 1.709898 0.111926 0.128644
CYL -0.271 3.998 1.642 0.030 21.488 1 0 0 1 -1.693494 -1.132567 1.246663
CYL -9.812 -0.519 1.218 0.030 15.753 1 0 0 1 -1.445722 0.023860 -0.021048
CYL 0.115 0.000 1.608 0.030 26.224 1 0 0 1 1.583798 -0.703286 -0.711737
CYL 9.377 1.591 0.808 0.030 11.725 1 0 0 1 -1.431717 0.106464 -0.092620
CYL 0.000 2.313 1.204 0.030 21.230 1 0 0 1 1.845520 1.228790 1.500226
CYL 7.208 -5.581 1.035 0.030 10.455 1 0 0 1 1.579761 -0.563501 -0.568308
CYL 5.062 -0.960 1.269 0.030 20.222 1 0 0 1 -1.465060 -0.510201 0.460807
CYL -1.034 7.041 2.161 0.030 13.682 1 0 0 1 -1.583813 -1.123506 1.135275
CYL -3.595 3.128 0.677 0.030 16.141 1 0 0 1 -1.472540 0.544104 -0.495265
CYL 7.308 -5.078 1.712 0.030 6.716 1 0 0 1 -1.325076 -0.929970 0.746133
CYL -7.394 -3.860 1.203 0.030 13.341 1 0 0 1 1.585767 0.401310 0.407199
CYL 6.141 -1.416 0.528 0.030 18.778 1 0 0 1 1.509415 -0.412891 -0.388928
CYL -6.043 4.384 1.527 0.030 9.945 1 0 0 1 1.345499 0.920254 0.752151
CYL 1.503 8.929 1.870 0.030 12.860 1 0 0 1 1.272123 1.395665 1.108905
CYL 5.346 0.193 0.869 0.030 10.009 1 0 0 1 -2.063053 -1.194344 1.698211
CYL 3.202 5.963 0.643 0.030 8.207 1 0 0 1 -1.412781 -0.085812 0.073233
CYL -4.008 -1.311 1.100 0.030 9.940 1 0 0 1 1.346182 -0.112363 -0.089621
CYL -1.427 0.000 1.079 0.030 20.180 1 0 0 1 1.666205 0.093671 0.103047
CYL -0.839 3.364 1.100 0.030 16.573 1 0 0 1 -2.133876 1.319473 -1.905773
CYL 0.786 2.699 1.100 0.030 8.813 1 0 0 1 -1.980194 -0.892909 1.260532
CYL 0.000 -1.071 1.298 0.030 20.315 1 0 0 1 -1.951658 1.394597 -1.782497
CYL 0.000 -5.253 1.235 0.030 21.109 1 0 0 1 -1.448929 -1.245154 1.131883
CYL 2.094 0.687 2.181 0.030 18.892 1 0 0 1 1.568703 -0.167896 -0.167547



