# -------------------- WALLS --------------------
BOX   0   -10   1.0     10  0.1  2.0     0.90 0.85 0.75
BOX   0    10   1.0     10  0.1  2.0     0.90 0.85 0.75
BOX  -10    0   1.0     0.1 10  2.0     0.90 0.85 0.75
BOX   10    0   1.0     0.1 10  2.0     0.90 0.85 0.75


# -------------------- ROUND COLUMNS --------------------
CYL  -7.5  -8   2.0     0.35 4.0   0.95 0.95 0.95
CYL  -7.5  -4   2.0     0.35 4.0   0.95 0.95 0.95
CYL  -7.5   0   2.0     0.35 4.0   0.95 0.95 0.95
CYL  -7.5   4   2.0     0.35 4.0   0.95 0.95 0.95
CYL  -7.5   8   2.0     0.35 4.0   0.95 0.95 0.95

CYL  7.5  -8   2.0     0.35 4.0   0.95 0.95 0.95
CYL  7.5  -4   2.0     0.35 4.0   0.95 0.95 0.95
CYL  7.5   0   2.0     0.35 4.0   0.95 0.95 0.95
CYL  7.5   4   2.0     0.35 4.0   0.95 0.95 0.95
CYL  7.5   8   2.0     0.35 4.0   0.95 0.95 0.95


# -------------------- OUTER PEDESTALS --------------------
BOX  -4   -6   0.25     0.55 0.55 0.45   0.65 0.50 0.35
BOX  -4   -2   0.25     0.55 0.55 0.45   0.65 0.50 0.35
BOX  -4    2   0.25     0.55 0.55 0.45   0.65 0.50 0.35
BOX  -4    6   0.25     0.55 0.55 0.45   0.65 0.50 0.35

BOX   4   -6   0.25     0.55 0.55 0.45   0.65 0.50 0.35
BOX   4   -2   0.25     0.55 0.55 0.45   0.65 0.50 0.35
BOX   4    2   0.25     0.55 0.55 0.45   0.65 0.50 0.35
BOX   4    6   0.25     0.55 0.55 0.45   0.65 0.50 0.35


# -------------------- GLASS BOXES ON OUTER PEDESTALS --------------------
BOX  -4   -6   1.25     0.45 0.45 0.55   0.88 0.90 0.95
BOX  -4   -2   1.25     0.45 0.45 0.55   0.88 0.90 0.95
BOX  -4    2   1.25     0.45 0.45 0.55   0.88 0.90 0.95
BOX  -4    6   1.25     0.45 0.45 0.55   0.88 0.90 0.95

BOX   4   -6   1.25     0.45 0.45 0.55   0.88 0.90 0.95
BOX   4   -2   1.25     0.45 0.45 0.55   0.88 0.90 0.95
BOX   4    2   1.25     0.45 0.45 0.55   0.88 0.90 0.95
BOX   4    6   1.25     0.45 0.45 0.55   0.88 0.90 0.95


# -------------------- CENTRAL PEDESTALS --------------------
CYL   0    3    0.4     1.0 0.8   0.65 0.50 0.35
CYL   0    3    1.3     0.9 1.0   0.88 0.90 0.95

CYL   0   -3    0.4     1.0 0.8   0.65 0.50 0.35
CYL   0   -3    1.3     0.9 1.0   0.88 0.90 0.95


# -------------------- GOAL PEDESTAL + GOAL --------------------
BOX   0    8.0   0.25    0.30 0.30 0.50   0.65 0.50 0.35

# Gold goal cube
BOX   0    8.0   0.875   0.15 0.15 0.35   0.7 0.10 0.95


# -------------------- DOOR PANELS --------------------
BOX  -1.2   -9.9   1.0    1.15 0.05 1.6    0.65 0.50 0.35
BOX   1.2   -9.9   1.0    1.15 0.05 1.6    0.65 0.50 0.35

# -------------------- WINDOW --------------------
BOX  -9.9   -8.5   1.5    0.05 0.8 0.8    0.88 0.90 0.95

# ==================== DENSE LASER GRID (VARIED Z) ====================
CYL -5.016 -8.019 1.534 0.030 7.570 1 0 0 1 -1.246653 -0.985886 0.737103
CYL 7.614 -2.549 2.013 0.030 10.892 1 0 0 1 1.532621 -0.453523 -0.437077
CYL 0.015 -1.994 0.741 0.030 16.830 1 0 0 1 1.478470 0.299560 0.273449
CYL -5.822 -4.914 0.914 0.030 12.676 1 0 0 1 1.763851 0.719751 0.857217
CYL -2.413 -8.847 1.193 0.030 15.361 1 0 0 1 -1.310061 -1.414833 1.162313
CYL -1.518 -9.921 1.062 0.030 16.967 1 0 0 1 0.518547 1.552033 0.509322
CYL -8.797 -8.493 1.221 0.030 3.953 1 0 0 1 -1.290047 -0.654050 0.499754
CYL 0.359 6.448 1.584 0.030 20.550 1 0 0 1 -1.609796 -1.217572 1.254413
CYL 4.077 -6.386 0.531 0.030 7.405 1 0 0 1 -1.716700 -0.164464 0.190252
CYL -3.577 8.960 1.948 0.030 13.015 1 0 0 1 -1.668545 1.409467 -1.506711
CYL 5.835 -3.867 1.540 0.030 13.569 1 0 0 1 -1.463579 -0.429505 0.386900
CYL -3.992 -6.595 1.542 0.030 13.811 1 0 0 1 -1.581889 -1.055174 1.064851
CYL 7.577 -9.754 1.953 0.030 1.943 1 0 0 1 2.357507 1.203386 2.057609
CYL -1.594 5.846 1.885 0.030 18.756 1 0 0 1 -1.612521 1.111452 -1.149202
CYL -7.023 -4.248 1.790 0.030 11.076 1 0 0 1 -1.482957 0.567536 -0.521983
CYL -8.043 5.821 0.846 0.030 4.511 1 0 0 1 0.715627 -1.050405 -0.426756
